Log for 07 April 2006 (pm run)
Observer: Ann

System Configuration:
FixedAz Drift Map CIMA normal version 2.1

Files: /share/pserverf.sda2/wappdata/wapp.20060407.a2010.****.fits
       /share/pserverf.sda2/wappdata/wapp.20060408.a2010.****.fits

filecreator: /share/a2010-2/data/06.04.07p

LST  fits Scan      calscan   Source    Pattern Start coords. ang time loop Note
______________________________________________________________________________
0728 0031 609767865 609768466  drift67p1 FixedAz 072800+161054  19  600 99 Power levels OK
0738 0032 609768470 609769071
0748 0033 609769075 609769676
0758 0034 609769680 609770281
0808 0035 609770285 609770886
0818 0036 609770890 609771491
0828 0037 609771495 609772097
0839 0038 609772100 609772701
0849 0039 609772705 609773306
0859 0040 609773310 609773912
0909 0041 609773915 609774516
0919 0042 609774520 609775121 --Power levels OK
0929 0043 609775125 609775726
0939 0044 609775730 609776331
0949 0045 609776335 609776936
0959 0046 609776940 609777541
1009 0047 609777545 609778146
1019 0048 609778150 609778752
1029 0049 609778755 609779356
1039 0050 609779360 609779961
1049 0051 609779965 609780567
1100 0052 609780570 609781171
1110 0053 609781175 609781776
1120 0054 609781780 609782382
1130 0055 609782385 609782986
1140 0056 609782990 609783591 --Power levels ok
1151 0057 609783595 609784196
1201 0058 609784200 609784801
1211 0059 609784805 609785406
1221 0060 609785410 609786011
1231 0061 609786015 609800216
1241 0000 609800220 609800821
1252 0001 609800825 609801426
1302 0002 609801430 609802031
1312 0003 609802035 609802636 
1322 0004 609802640 609803241
1332 0005 609803245 609803846
1342 0006 609803850 609804451 --Power levels ok
1352 0007 609804455 609805056
1402 0008 609805060 609805661
1412 0009 609805665 609806266
1422 0010 609806270 609806871
1432 0011 609806875 609807476
1443 0012 609807480 609808082
1453 0013 609808085 609808687
1503 0014 609808690 609809292
1513 0015 609809295 609809897
1523 0016 609809900 609810502
1533 0017 609810505 609811107
1543 0018 609811110 609811712 --Power levels ok
1553 0019 609811715 609812317
1603 0020 609812320 609812922
1613 0021 609812925 609813527
1623 0022 609813530 609814132
1634 0023 609814135 609814737
1644 0024 609814740 --aborted

END LST: 1644

NOTES:
TOGS run at start ok.
TOGS run at end ok.
