Log for 090113a     Observer: Undergrad ALFALFA Team	

System Configuration: a2010_az360_2009.conf
CIMA version  3.1.02 2008-12-29 17:19 "Smart"   
File:       /share/pserverf.sda3/wappdata/wapp.20090113.a2010.****.fits 

     ****
LST  fits  Scan     calscan   Source     Pattern  Start coords. ang  time loop calmode
0721 0001 901300029 901300030 drift14p2  fixAZdr  072100+032424  19  600  99   loopend
0731 0002 901300031 901300032
0741 0003 901300033 901300034
0751 0004 901300035 901300036
0801 0005 901300037 901300038
0811 0006 901300039 901300040
0821 0007 901300041 901300042
0832 0008 901300043 901300044
0842 0009 901300045 901300046
0852 0010 901300047 901300048
0902 0011 901300049 901300050
0912 0012 901300051 901300052
0922 0013 901300053 901300054
0932 0014 901300055 901300056
0942 0015 901300057 901300058
0952 0016 901300059 901300060
1002 0017 901300061 901300062
1013 0018 901300063 901300064
1023 0019 901300065 901300066
1033 0020 901300067 901300068
1043 0021 901300069 901300070
1053 0022 901300071 901300072
1103 0023 901300073 901300074
1113 0024 901300075 901300076
1123 0025 901300077 901300078
1133 0026 901300079 901300080
1144 0027 901300081 901300082
1154 0028 901300083 901300084
1204 0029 901300085 901300086
1214 0030 901300087 901300088
1225 0031 901300089 901300090
1235 0032 901300091 901300092
1245 0033 901300093 901300094
1255 0034 901300095 901300096
1305 0035 901300097 901300098
1315 0036 901300099 901300100
1325 0037 901300101 901300102
1335 0038 901300103 901300104
1346 0039 901300105 901300106
1356 0040 901300107 901300108
1406 0041 901300109 --aborted


END LST: 1406

Notes:
Running the new version of CIMA 3.1.02 "Smart"; all ok
TOGS run at start and end
Beam 6B is off
FAA radar on again
