         34p1  +080905
         35p1  +082342
         36p1  +083818
         37p1  +085254
0502040  38p1  +090730  1145  1633
0503060  39p1  +092206  1058
0503050  40p1  +093642  1109  1622
0502250  41p1  +095118  0729  1656
0502200  42p1  +100554  0842  1231
         43p1
         44p1
         45p1
         46p1
0502160  47p1  +111854  0732  1619
0502150  48p1  +113330  0808  1619
0502142  49p1  +114806  0756  1714
0502170  50p1  +120242  0704  1620
0502072  51p1  +121718  0826  1640
0502080  52p1  +123154  0829  1635
0502260  53p1  +124630  0726  1612
0502210  54p1  +130106  0711  1634
0502190  55p1  +131542  0842  1445
0502180  56p1  +133018  0755  1338
0502060  57p1  +134454  1122  1535
0502050  58p1  +135930  1123  1620
0502071  59p1  +141406  1116  1640
0502141  60p1  +142842  1118  1538
         61p1
         62p1
         63p1
         64p1
0503040  65p1  +154142  1105  1619
0503030  66p1  +155618  1102  1626
